# YOLOv5 Hyperparameter Evolution Results
# Best generation: 916
# Last generation: 1026
#    metrics/precision,       metrics/recall,      metrics/mAP_0.5, metrics/mAP_0.5:0.95,         val/box_loss,         val/obj_loss,         val/cls_loss
#             0.025551,              0.99025,             0.082165,              0.06733,             0.019856,             0.012168,             0.084475

lr0: 0.001
lrf: 0.01
momentum: 0.937
weight_decay: 0.0005
warmup_epochs: 3.0
warmup_momentum: 0.8
warmup_bias_lr: 0.1
box: 0.05
cls: 0.5
cls_pw: 1.0
obj: 1.0
obj_pw: 1.0
iou_t: 0.2
anchor_t: 4.0
fl_gamma: 0.0
hsv_h: 0.1
hsv_s: 0.22809
hsv_v: 0.29293
degrees: 0.058586
translate: 0.0
scale: 0.0
shear: 0.0
perspective: 0.0
flipud: 0.0
fliplr: 0.019438
mosaic: 0.0
mixup: 0.18803
copy_paste: 0.10715
anchors: 3.0
